[gd_scene load_steps=10 format=2]

[ext_resource path="res://textures/Orange/texture_04.png" type="Texture" id=1]
[ext_resource path="res://default_env.tres" type="Environment" id=2]
[ext_resource path="res://textures/Dark/texture_01.png" type="Texture" id=3]
[ext_resource path="res://MapObjects/SpeedBooster.tscn" type="PackedScene" id=4]
[ext_resource path="res://MapObjects/RampSpeedBooster.tscn" type="PackedScene" id=5]

[sub_resource type="SpatialMaterial" id=7]
flags_world_triplanar = true
albedo_texture = ExtResource( 1 )
uv1_triplanar = true

[sub_resource type="PlaneMesh" id=1]

[sub_resource type="SpatialMaterial" id=2]
flags_world_triplanar = true
albedo_color = Color( 0.384314, 0.317647, 0.317647, 1 )
albedo_texture = ExtResource( 3 )
uv1_scale = Vector3( 0.2, 0.2, 0.2 )
uv1_triplanar = true

[sub_resource type="ConvexPolygonShape" id=3]
points = PoolVector3Array( -1.00542, 0.00546448, -1.00546, 1.00546, 0.00546448, 1.00546, -1.00542, 0.00546448, 1.00546, 1.00546, 0.00546448, -1.00546 )

[node name="ObstaclesAndParkour" type="Spatial"]

[node name="DirectionalLight" type="DirectionalLight" parent="."]
transform = Transform( 0.853553, 0.146447, 0.5, -0.5, 0.5, 0.707106, -0.146447, -0.853553, 0.5, 0, 2.12129, 0 )
light_color = Color( 1, 0.988235, 0.823529, 1 )
shadow_enabled = true

[node name="Slope68" type="CSGBox" parent="."]
transform = Transform( 1, 0, 0, 0, 0.374606, -0.927184, 0, 0.927184, 0.374606, -16.4166, 0.893677, 11.04 )
material_override = SubResource( 7 )
use_collision = true
width = 15.9512
height = 11.3419

[node name="Bump68" type="CSGBox" parent="."]
transform = Transform( -4.37114e-08, -0.927184, -0.374606, 0, 0.374606, -0.927184, 1, -4.05285e-08, -1.63746e-08, -92.3593, -0.0876894, -16.5892 )
material_override = SubResource( 7 )
use_collision = true
width = 15.9512
height = 5.02726

[node name="Bump50" type="CSGBox" parent="."]
transform = Transform( -4.37114e-08, -0.766044, -0.642788, 0, 0.642788, -0.766044, 1, -3.34849e-08, -2.80971e-08, -92.3593, 0.300828, -38.7322 )
material_override = SubResource( 7 )
use_collision = true
width = 15.9512
height = 5.02726

[node name="Slope56" type="CSGBox" parent="."]
transform = Transform( 1, 0, 0, 0, 0.559193, -0.829037, 0, 0.829037, 0.559193, -43.2685, 1.91468, 16.1386 )
material_override = SubResource( 7 )
use_collision = true
width = 15.9512
height = 11.3419

[node name="Slope45" type="CSGBox" parent="."]
transform = Transform( 1, 0, 0, 0, 0.707107, -0.707107, 0, 0.707107, 0.707107, -71.0451, 3.05191, 11.04 )
material_override = SubResource( 7 )
use_collision = true
width = 15.9512
height = 11.3419

[node name="RampUp" type="CSGBox" parent="."]
transform = Transform( 1, 0, 0, 0, 0.374606, -0.927184, 0, 0.927184, 0.374606, 22.9848, 15.2401, 11.04 )
material_override = SubResource( 7 )
use_collision = true
width = 29.7022
height = 94.6043

[node name="Platform" type="CSGBox" parent="."]
transform = Transform( 1, 0, 0, 0, 1, 2.08616e-07, 0, -2.08616e-07, 1, 22.9848, 32.2319, 116.847 )
material_override = SubResource( 7 )
use_collision = true
width = 29.8281
height = 2.7262
depth = 124.866

[node name="CSGCylinder" type="CSGCylinder" parent="."]
transform = Transform( -0.0785287, -0.996912, 4.35764e-08, 0, -4.37114e-08, -1, 0.996912, -0.0785287, 3.4326e-09, 134.907, -55.1762, -39.9511 )
material_override = SubResource( 7 )
use_collision = true
radius = 71.168
height = 35.5606
sides = 64

[node name="Tunnel" type="CSGCylinder" parent="."]
transform = Transform( -0.0785287, -0.996912, 4.35764e-08, 0, -4.37114e-08, -1, 0.996912, -0.0785287, 3.4326e-09, 3.86226, 8.65368, -157.166 )
material_override = SubResource( 7 )
use_collision = true
radius = 15.2933
height = 156.545
sides = 64

[node name="TunnelSub" type="CSGCylinder" parent="Tunnel"]
transform = Transform( 1, 0, 0, 0, 1, 1.13798e-15, 0, -9.52016e-15, 1, 0, 9.53674e-07, 7.86246 )
material_override = SubResource( 7 )
operation = 2
use_collision = true
radius = 4.2806
height = 200.033
sides = 64

[node name="Ground Plane" type="StaticBody" parent="."]
transform = Transform( 1000, 0, 0, 0, 1, 0, 0, 0, 1000, 0, 0, 0 )

[node name="MeshInstance" type="MeshInstance" parent="Ground Plane"]
mesh = SubResource( 1 )
skeleton = NodePath("../../..")
material/0 = SubResource( 2 )

[node name="CollisionShape" type="CollisionShape" parent="Ground Plane"]
shape = SubResource( 3 )

[node name="WorldEnvironment" type="WorldEnvironment" parent="."]
environment = ExtResource( 2 )

[node name="SpeedBooster" parent="." instance=ExtResource( 4 )]
transform = Transform( -4.92364, 0, -4.30438e-07, 0, 1, 0, 4.30438e-07, 0, -4.92364, -22.5928, 0, -90.5101 )

[node name="RampSpeedBooster" parent="." instance=ExtResource( 5 )]
transform = Transform( 10, 0, 0, 0, 0.965925, -2.58819, 0, 0.258819, 9.65926, -114.64, 1.64998, -106.769 )

[node name="RampSpeedBooster2" parent="." instance=ExtResource( 5 )]
transform = Transform( -4.37114e-07, -0.258819, -9.65926, 0, 0.965925, -2.58819, 10, -1.13133e-08, -4.2222e-07, -150.327, -0.327437, -81.8606 )
